Exland, Life tables (period 1x1), Females	Last modified: 01 Jan 2018;  Methods Protocol: vY (2017)

  Year          Age         mx       qx    ax      lx      dx      Lx       Tx     ex
  2011           0      0.00531  0.00528  0.14  100000     529   99546  7778820  77.79
  2011           1      0.00085  0.00085  0.50   99472      85   99430  7679274  77.20
  2011           2      0.00027  0.00027  0.50   99388      28   99374  7579844  76.27
  2011           3      0.00020  0.00020  0.50   99361      21   99351  7480470  75.29
  2011           4      0.00019  0.00019  0.50   99341      20   99331  7381120  74.30
  2011           5      0.00020  0.00020  0.50   99322      20   99312  7281789  73.32
  2011           6      0.00020  0.00020  0.50   99302      20   99292  7182478  72.33
  2011           7      0.00020  0.00020  0.50   99282      21   99272  7083187  71.34
  2011           8      0.00021  0.00021  0.50   99262      21   99251  6983915  70.36
  2011           9      0.00021  0.00021  0.50   99241      22   99230  6884664  69.37
  2011          10      0.00022  0.00022  0.50   99220      22   99209  6785434  68.39
  2011          11      0.00023  0.00023  0.50   99198      23   99187  6686226  67.40
  2011          12      0.00023  0.00023  0.50   99176      24   99164  6587040  66.42
  2011          13      0.00024  0.00024  0.50   99153      24   99141  6487876  65.43
  2011          14      0.00025  0.00025  0.50   99129      25   99117  6388736  64.45
  2011          15      0.00026  0.00026  0.50   99104      26   99092  6289619  63.46
  2011          16      0.00027  0.00027  0.50   99079      27   99066  6190528  62.48
  2011          17      0.00028  0.00028  0.50   99053      28   99039  6091463  61.50
  2011          18      0.00029  0.00029  0.50   99025      29   99011  5992425  60.51
  2011          19      0.00030  0.00030  0.50   98996      31   98981  5893414  59.53
  2011          20      0.00032  0.00032  0.50   98966      32   98951  5794433  58.55
  2011          21      0.00034  0.00034  0.50   98935      34   98918  5695483  57.57
  2011          22      0.00035  0.00035  0.50   98902      35   98884  5596566  56.59
  2011          23      0.00037  0.00037  0.50   98867      37   98848  5497682  55.61
  2011          24      0.00040  0.00040  0.50   98830      40   98810  5398834  54.63
  2011          25      0.00042  0.00042  0.50   98791      42   98770  5300024  53.65
  2011          26      0.00045  0.00045  0.50   98749      45   98727  5201255  52.67
  2011          27      0.00048  0.00048  0.50   98705      48   98681  5102529  51.70
  2011          28      0.00051  0.00051  0.50   98657      51   98632  5003848  50.72
  2011          29      0.00055  0.00055  0.50   98607      55   98580  4905217  49.75
  2011          30      0.00059  0.00059  0.50   98553      59   98523  4806637  48.77
  2011          31      0.00064  0.00064  0.50   98494      63   98463  4708114  47.80
  2011          32      0.00069  0.00069  0.50   98431      68   98398  4609652  46.83
  2011          33      0.00074  0.00074  0.50   98364      74   98327  4511255  45.86
  2011          34      0.00081  0.00081  0.50   98291      80   98251  4412928  44.90
  2011          35      0.00087  0.00087  0.50   98211      86   98168  4314678  43.93
  2011          36      0.00095  0.00095  0.50   98126      94   98079  4216510  42.97
  2011          37      0.00103  0.00103  0.50   98032     102   97982  4118431  42.01
  2011          38      0.00113  0.00113  0.50   97931     111   97876  4020450  41.05
  2011          39      0.00123  0.00123  0.50   97821     121   97760  3922575  40.10
  2011          40      0.00134  0.00134  0.50   97700     132   97635  3824815  39.15
  2011          41      0.00147  0.00147  0.50   97569     144   97497  3727181  38.20
  2011          42      0.00161  0.00161  0.50   97426     157   97347  3629684  37.26
  2011          43      0.00176  0.00176  0.50   97269     172   97183  3532337  36.32
  2011          44      0.00193  0.00193  0.50   97098     188   97004  3435154  35.38
  2011          45      0.00212  0.00212  0.50   96910     206   96807  3338151  34.45
  2011          46      0.00233  0.00233  0.50   96704     226   96592  3241344  33.52
  2011          47      0.00256  0.00256  0.50   96479     248   96356  3144752  32.60
  2011          48      0.00282  0.00282  0.50   96232     271   96097  3048397  31.68
  2011          49      0.00310  0.00310  0.50   95961     298   95813  2952301  30.77
  2011          50      0.00342  0.00341  0.50   95664     327   95501  2856489  29.86
  2011          51      0.00376  0.00376  0.50   95338     359   95159  2760989  28.96
  2011          52      0.00415  0.00414  0.50   94980     394   94783  2665830  28.07
  2011          53      0.00457  0.00456  0.50   94587     432   94371  2571048  27.18
  2011          54      0.00504  0.00503  0.50   94155     474   93918  2476678  26.30
  2011          55      0.00556  0.00555  0.50   93682     520   93422  2382760  25.43
  2011          56      0.00614  0.00612  0.50   93162     571   92877  2289338  24.57
  2011          57      0.00677  0.00675  0.50   92592     626   92279  2196462  23.72
  2011          58      0.00748  0.00745  0.50   91967     686   91624  2104183  22.88
  2011          59      0.00826  0.00823  0.50   91282     751   90906  2012559  22.05
  2011          60      0.00912  0.00908  0.50   90531     823   90120  1921654  21.23
  2011          61      0.01008  0.01003  0.50   89709     900   89259  1831534  20.42
  2011          62      0.01113  0.01107  0.50   88809     984   88317  1742276  19.62
  2011          63      0.01230  0.01223  0.50   87826    1075   87289  1653959  18.83
  2011          64      0.01360  0.01351  0.50   86752    1172   86166  1566671  18.06
  2011          65      0.01503  0.01492  0.50   85580    1277   84942  1480506  17.30
  2011          66      0.01662  0.01648  0.50   84303    1390   83609  1395565  16.55
  2011          67      0.01837  0.01820  0.50   82914    1510   82159  1311957  15.82
  2011          68      0.02031  0.02011  0.50   81405    1637   80586  1229798  15.11
  2011          69      0.02246  0.02221  0.50   79768    1772   78882  1149212  14.41
  2011          70      0.02484  0.02453  0.50   77996    1914   77039  1070331  13.72
  2011          71      0.02747  0.02710  0.50   76083    2062   75052   993292  13.06
  2011          72      0.03038  0.02992  0.50   74021    2215   72914   918241  12.41
  2011          73      0.03360  0.03304  0.50   71806    2373   70620   845327  11.77
  2011          74      0.03716  0.03649  0.50   69434    2534   68167   774708  11.16
  2011          75      0.04111  0.04028  0.50   66900    2695   65553   706542  10.56
  2011          76      0.04547  0.04446  0.50   64205    2855   62778   640989   9.98
  2011          77      0.05030  0.04907  0.50   61351    3011   59845   578212   9.42
  2011          78      0.05565  0.05414  0.50   58340    3159   56761   518367   8.89
  2011          79      0.06157  0.05973  0.50   55182    3296   53534   461606   8.37
  2011          80      0.06811  0.06587  0.50   51886    3418   50177   408073   7.86
  2011          81      0.07536  0.07262  0.50   48468    3520   46708   357897   7.38
  2011          82      0.08337  0.08004  0.50   44948    3598   43150   311189   6.92
  2011          83      0.09224  0.08818  0.50   41351    3647   39528   268040   6.48
  2011          84      0.10206  0.09710  0.50   37705    3662   35874   228512   6.06
  2011          85      0.11292  0.10689  0.50   34044    3639   32224   192638   5.66
  2011          86      0.12494  0.11760  0.50   30405    3576   28617   160415   5.28
  2011          87      0.13825  0.12931  0.50   26830    3470   25095   131798   4.91
  2011          88      0.15297  0.14210  0.50   23360    3320   21701   106703   4.57
  2011          89      0.16926  0.15605  0.50   20041    3128   18477    85003   4.24
  2011          90      0.18728  0.17125  0.50   16914    2897   15465    66526   3.93
  2011          91      0.20723  0.18778  0.50   14017    2633   12701    51061   3.64
  2011          92      0.22931  0.20572  0.50   11385    2343   10214    38361   3.37
  2011          93      0.25374  0.22517  0.50    9043    2037    8025    28147   3.11
  2011          94      0.28077  0.24621  0.50    7007    1726    6145    20122   2.87
  2011          95      0.31068  0.26891  0.50    5282    1421    4572    13978   2.65
  2011          96      0.34379  0.29336  0.50    3862    1133    3295     9407   2.44
  2011          97      0.38042  0.31963  0.50    2729     873    2293     6112   2.24
  2011          98      0.42096  0.34776  0.50    1857     646    1534     3819   2.06
  2011          99      0.46582  0.37782  0.50    1211     458     983     2286   1.89
  2011         100      0.51546  0.40984  0.50     754     309     599     1304   1.73
  2011         101      0.57040  0.44382  0.50     445     198     346      705   1.58
  2011         102      0.63119  0.47978  0.50     248     119     188      359   1.45
  2011         103      0.69846  0.51768  0.50     129      67      96      171   1.32
  2011         104      0.77291  0.55747  0.50      63      35      45       76   1.21
  2011         105      0.85529  0.59909  0.50      28      17      20       31   1.10
  2011         106      0.94646  0.64244  0.50      12       8       8       12   1.01
  2011         107      1.04734  0.68738  0.50       4       3       3        4   0.92
  2011         108      1.15898  0.73377  0.50       2       1       1        2   0.84
  2011         109      1.28252  0.78142  0.50       1       1       1        1   0.76
  2011         110+     1.41923  1.00000  0.70       1       1       1        1   0.70
  2012           0      0.00531  0.00528  0.14  100000     529   99546  7861910  78.62
  2012           1      0.00084  0.00084  0.50   99472      84   99430  7762364  78.04
  2012           2      0.00027  0.00027  0.50   99388      27   99375  7662935  77.10
  2012           3      0.00020  0.00020  0.50   99361      20   99352  7563560  76.12
  2012           4      0.00019  0.00019  0.50   99342      20   99332  7464209  75.14
  2012           5      0.00019  0.00019  0.50   99323      20   99313  7364878  74.15
  2012           6      0.00020  0.00020  0.50   99303      20   99293  7265565  73.17
  2012           7      0.00020  0.00020  0.50   99284      20   99274  7166272  72.18
  2012           8      0.00021  0.00021  0.50   99264      21   99254  7066999  71.19
  2012           9      0.00021  0.00021  0.50   99243      21   99233  6967746  70.21
  2012          10      0.00021  0.00021  0.50   99223      22   99212  6868513  69.22
  2012          11      0.00022  0.00022  0.50   99201      22   99190  6769302  68.24
  2012          12      0.00023  0.00023  0.50   99179      23   99168  6670112  67.25
  2012          13      0.00023  0.00023  0.50   99157      24   99145  6570945  66.27
  2012          14      0.00024  0.00024  0.50   99134      24   99122  6471800  65.28
  2012          15      0.00025  0.00025  0.50   99110      25   99098  6372678  64.30
  2012          16      0.00026  0.00026  0.50   99085      26   99073  6273581  63.32
  2012          17      0.00027  0.00027  0.50   99060      27   99047  6174509  62.33
  2012          18      0.00028  0.00028  0.50   99033      28   99019  6075463  61.35
  2012          19      0.00029  0.00029  0.50   99006      29   98991  5976444  60.37
  2012          20      0.00031  0.00031  0.50   98977      31   98962  5877453  59.38
  2012          21      0.00032  0.00032  0.50   98946      32   98931  5778492  58.40
  2012          22      0.00034  0.00034  0.50   98915      34   98898  5679562  57.42
  2012          23      0.00036  0.00036  0.50   98881      36   98864  5580665  56.44
  2012          24      0.00038  0.00038  0.50   98846      38   98827  5481801  55.46
  2012          25      0.00040  0.00040  0.50   98809      40   98789  5382975  54.48
  2012          26      0.00043  0.00043  0.50   98769      42   98748  5284186  53.50
  2012          27      0.00045  0.00045  0.50   98727      45   98705  5185438  52.52
  2012          28      0.00048  0.00048  0.50   98683      48   98659  5086734  51.55
  2012          29      0.00052  0.00052  0.50   98635      52   98609  4988076  50.57
  2012          30      0.00056  0.00056  0.50   98584      55   98556  4889467  49.60
  2012          31      0.00060  0.00060  0.50   98529      59   98499  4790911  48.62
  2012          32      0.00064  0.00064  0.50   98470      64   98438  4692412  47.65
  2012          33      0.00070  0.00070  0.50   98406      69   98372  4593975  46.68
  2012          34      0.00075  0.00075  0.50   98338      75   98301  4495603  45.72
  2012          35      0.00082  0.00082  0.50   98264      81   98224  4397303  44.75
  2012          36      0.00089  0.00089  0.50   98184      87   98140  4299080  43.79
  2012          37      0.00096  0.00096  0.50   98097      95   98050  4200940  42.82
  2012          38      0.00105  0.00105  0.50   98002     103   97951  4102891  41.87
  2012          39      0.00114  0.00114  0.50   97900     112   97844  4004940  40.91
  2012          40      0.00125  0.00125  0.50   97788     122   97727  3907097  39.95
  2012          41      0.00136  0.00136  0.50   97666     133   97600  3809370  39.00
  2012          42      0.00149  0.00149  0.50   97533     146   97460  3711771  38.06
  2012          43      0.00163  0.00163  0.50   97388     159   97308  3614311  37.11
  2012          44      0.00179  0.00179  0.50   97229     174   97142  3517003  36.17
  2012          45      0.00196  0.00196  0.50   97055     191   96960  3419862  35.24
  2012          46      0.00215  0.00215  0.50   96865     209   96761  3322902  34.30
  2012          47      0.00237  0.00236  0.50   96657     229   96542  3226142  33.38
  2012          48      0.00260  0.00260  0.50   96428     251   96303  3129600  32.46
  2012          49      0.00286  0.00286  0.50   96178     275   96040  3033297  31.54
  2012          50      0.00315  0.00314  0.50   95903     302   95752  2937257  30.63
  2012          51      0.00347  0.00346  0.50   95602     331   95436  2841505  29.72
  2012          52      0.00382  0.00381  0.50   95271     364   95089  2746070  28.82
  2012          53      0.00421  0.00420  0.50   94908     399   94708  2650981  27.93
  2012          54      0.00464  0.00463  0.50   94509     438   94290  2556273  27.05
  2012          55      0.00512  0.00510  0.50   94071     481   93831  2461984  26.17
  2012          56      0.00565  0.00563  0.50   93591     527   93328  2368153  25.30
  2012          57      0.00623  0.00621  0.50   93064     579   92775  2274826  24.44
  2012          58      0.00688  0.00685  0.50   92486     634   92169  2182051  23.59
  2012          59      0.00759  0.00756  0.50   91852     695   91505  2089882  22.75
  2012          60      0.00839  0.00835  0.50   91158     762   90777  1998377  21.92
  2012          61      0.00926  0.00922  0.50   90397     834   89980  1907601  21.10
  2012          62      0.01023  0.01018  0.50   89563     912   89107  1817621  20.29
  2012          63      0.01131  0.01124  0.50   88651     997   88153  1728514  19.50
  2012          64      0.01249  0.01242  0.50   87655    1089   87111  1640362  18.71
  2012          65      0.01381  0.01371  0.50   86567    1188   85973  1553252  17.94
  2012          66      0.01526  0.01515  0.50   85380    1294   84733  1467279  17.19
  2012          67      0.01687  0.01673  0.50   84086    1407   83383  1382547  16.44
  2012          68      0.01865  0.01848  0.50   82680    1528   81916  1299164  15.71
  2012          69      0.02062  0.02041  0.50   81152    1657   80323  1217249  15.00
  2012          70      0.02281  0.02255  0.50   79495    1793   78599  1136926  14.30
  2012          71      0.02522  0.02491  0.50   77702    1936   76735  1058328  13.62
  2012          72      0.02789  0.02751  0.50   75767    2085   74725   981594  12.96
  2012          73      0.03085  0.03038  0.50   73683    2239   72564   906869  12.31
  2012          74      0.03412  0.03355  0.50   71445    2397   70246   834306  11.68
  2012          75      0.03774  0.03704  0.50   69048    2558   67769   764060  11.07
  2012          76      0.04174  0.04089  0.50   66490    2719   65131   696291  10.47
  2012          77      0.04618  0.04514  0.50   63772    2879   62332   631161   9.90
  2012          78      0.05108  0.04981  0.50   60893    3034   59377   568829   9.34
  2012          79      0.05651  0.05496  0.50   57860    3180   56270   509453   8.80
  2012          80      0.06252  0.06062  0.50   54680    3315   53023   453183   8.29
  2012          81      0.06917  0.06685  0.50   51365    3434   49648   400160   7.79
  2012          82      0.07652  0.07370  0.50   47931    3533   46165   350512   7.31
  2012          83      0.08466  0.08122  0.50   44399    3607   42596   304348   6.85
  2012          84      0.09367  0.08948  0.50   40793    3651   38968   261753   6.42
  2012          85      0.10364  0.09853  0.50   37142    3660   35313   222786   6.00
  2012          86      0.11467  0.10845  0.50   33483    3632   31667   187474   5.60
  2012          87      0.12688  0.11931  0.50   29851    3562   28071   155807   5.22
  2012          88      0.14039  0.13118  0.50   26290    3449   24566   127737   4.86
  2012          89      0.15534  0.14414  0.50   22841    3293   21195   103172   4.52
  2012          90      0.17188  0.15828  0.50   19549    3095   18002    81977   4.19
  2012          91      0.19019  0.17367  0.50   16455    2858   15026    63976   3.89
  2012          92      0.21045  0.19041  0.50   13597    2589   12303    48950   3.60
  2012          93      0.23286  0.20858  0.50   11008    2296    9860    36648   3.33
  2012          94      0.25767  0.22826  0.50    8712    1989    7718    26789   3.07
  2012          95      0.28513  0.24955  0.50    6724    1678    5885    19071   2.84
  2012          96      0.31551  0.27252  0.50    5046    1375    4358    13187   2.61
  2012          97      0.34912  0.29724  0.50    3671    1091    3125     8829   2.41
  2012          98      0.38633  0.32378  0.50    2580     836    2162     5704   2.21
  2012          99      0.42749  0.35221  0.50    1745     615    1438     3542   2.03
  2012         100      0.47305  0.38256  0.50    1130     433     914     2105   1.86
  2012         101      0.52347  0.41488  0.50     698     290     553     1191   1.71
  2012         102      0.57925  0.44916  0.50     409     184     317      639   1.56
  2012         103      0.64099  0.48542  0.50     225     110     171      322   1.43
  2012         104      0.70931  0.52361  0.50     116      61      86      152   1.31
  2012         105      0.78491  0.56369  0.50      56      32      40       66   1.19
  2012         106      0.86857  0.60558  0.50      25      15      17       27   1.09
  2012         107      0.96115  0.64917  0.50      10       7       7       10   0.99
  2012         108      1.06360  0.69435  0.50       4       3       3        4   0.91
  2012         109      1.17697  0.74094  0.50       2       1       1        1   0.83
  2012         110+     1.30243  1.00000  0.77       1       1       1        1   0.77
  2013           0      0.00530  0.00528  0.14  100000     528   99546  7944998  79.45
  2013           1      0.00084  0.00084  0.50   99473      84   99431  7845453  78.87
  2013           2      0.00027  0.00027  0.50   99389      27   99375  7746022  77.94
  2013           3      0.00020  0.00020  0.50   99362      20   99352  7646648  76.96
  2013           4      0.00019  0.00019  0.50   99342      19   99333  7547296  75.97
  2013           5      0.00019  0.00019  0.50   99323      20   99314  7447963  74.99
  2013           6      0.00019  0.00019  0.50   99304      20   99295  7348650  74.00
  2013           7      0.00020  0.00020  0.50   99285      20   99275  7249356  73.02
  2013           8      0.00020  0.00020  0.50   99266      21   99256  7150081  72.03
  2013           9      0.00021  0.00021  0.50   99246      21   99235  7050826  71.04
  2013          10      0.00021  0.00021  0.50   99225      21   99215  6951591  70.06
  2013          11      0.00022  0.00022  0.50   99204      22   99194  6852377  69.07
  2013          12      0.00022  0.00022  0.50   99183      22   99172  6753184  68.09
  2013          13      0.00023  0.00023  0.50   99161      23   99150  6654012  67.10
  2013          14      0.00023  0.00023  0.50   99138      24   99127  6554863  66.12
  2013          15      0.00024  0.00024  0.50   99115      24   99103  6455737  65.13
  2013          16      0.00025  0.00025  0.50   99091      25   99079  6356634  64.15
  2013          17      0.00026  0.00026  0.50   99066      26   99054  6257556  63.17
  2013          18      0.00027  0.00027  0.50   99041      27   99027  6158503  62.18
  2013          19      0.00028  0.00028  0.50   99014      28   99000  6059476  61.20
  2013          20      0.00029  0.00029  0.50   98986      30   98972  5960476  60.22
  2013          21      0.00031  0.00031  0.50   98957      31   98942  5861505  59.23
  2013          22      0.00032  0.00032  0.50   98927      32   98911  5762564  58.25
  2013          23      0.00034  0.00034  0.50   98895      34   98878  5663654  57.27
  2013          24      0.00036  0.00036  0.50   98861      36   98843  5564777  56.29
  2013          25      0.00038  0.00038  0.50   98825      38   98807  5465934  55.31
  2013          26      0.00040  0.00040  0.50   98788      40   98768  5367128  54.33
  2013          27      0.00043  0.00043  0.50   98748      43   98727  5268360  53.35
  2013          28      0.00046  0.00046  0.50   98706      46   98683  5169634  52.37
  2013          29      0.00049  0.00049  0.50   98660      49   98636  5070952  51.40
  2013          30      0.00052  0.00052  0.50   98612      52   98586  4972316  50.42
  2013          31      0.00056  0.00056  0.50   98561      56   98533  4873730  49.45
  2013          32      0.00061  0.00060  0.50   98505      60   98475  4775198  48.48
  2013          33      0.00065  0.00065  0.50   98445      65   98413  4676723  47.51
  2013          34      0.00070  0.00070  0.50   98381      70   98347  4578310  46.54
  2013          35      0.00076  0.00076  0.50   98312      75   98275  4479964  45.57
  2013          36      0.00083  0.00083  0.50   98237      82   98197  4381690  44.60
  2013          37      0.00090  0.00090  0.50   98156      88   98112  4283494  43.64
  2013          38      0.00098  0.00097  0.50   98068      96   98020  4185382  42.68
  2013          39      0.00106  0.00106  0.50   97972     104   97920  4087362  41.72
  2013          40      0.00116  0.00116  0.50   97868     114   97812  3989443  40.76
  2013          41      0.00126  0.00126  0.50   97755     124   97693  3891631  39.81
  2013          42      0.00138  0.00138  0.50   97632     135   97564  3793938  38.86
  2013          43      0.00151  0.00151  0.50   97497     148   97423  3696375  37.91
  2013          44      0.00165  0.00165  0.50   97350     161   97269  3598952  36.97
  2013          45      0.00181  0.00181  0.50   97189     177   97101  3501683  36.03
  2013          46      0.00199  0.00199  0.50   97013     193   96916  3404583  35.09
  2013          47      0.00218  0.00218  0.50   96820     212   96714  3307667  34.16
  2013          48      0.00240  0.00240  0.50   96609     232   96493  3210953  33.24
  2013          49      0.00264  0.00264  0.50   96377     254   96250  3114461  32.32
  2013          50      0.00290  0.00290  0.50   96123     279   95984  3018212  31.40
  2013          51      0.00319  0.00319  0.50   95844     306   95691  2922228  30.49
  2013          52      0.00352  0.00351  0.50   95539     336   95371  2826537  29.59
  2013          53      0.00388  0.00387  0.50   95203     369   95019  2731167  28.69
  2013          54      0.00427  0.00426  0.50   94835     405   94633  2636149  27.80
  2013          55      0.00471  0.00470  0.50   94431     444   94209  2541516  26.91
  2013          56      0.00519  0.00518  0.50   93987     487   93743  2447308  26.04
  2013          57      0.00573  0.00571  0.50   93500     535   93233  2353565  25.17
  2013          58      0.00632  0.00630  0.50   92966     587   92673  2260333  24.31
  2013          59      0.00698  0.00696  0.50   92380     643   92058  2167661  23.46
  2013          60      0.00771  0.00768  0.50   91737     705   91385  2075603  22.63
  2013          61      0.00851  0.00848  0.50   91032     772   90647  1984219  21.80
  2013          62      0.00940  0.00936  0.50   90261     845   89838  1893573  20.98
  2013          63      0.01039  0.01033  0.50   89416     925   88954  1803735  20.17
  2013          64      0.01148  0.01141  0.50   88492    1010   87987  1714781  19.38
  2013          65      0.01268  0.01260  0.50   87482    1103   86931  1626795  18.60
  2013          66      0.01402  0.01392  0.50   86379    1203   85778  1539864  17.83
  2013          67      0.01550  0.01538  0.50   85177    1310   84522  1454087  17.07
  2013          68      0.01713  0.01699  0.50   83867    1425   83155  1369565  16.33
  2013          69      0.01894  0.01876  0.50   82443    1547   81669  1286411  15.60
  2013          70      0.02094  0.02073  0.50   80896    1677   80057  1204742  14.89
  2013          71      0.02316  0.02289  0.50   79219    1814   78312  1124685  14.20
  2013          72      0.02561  0.02529  0.50   77406    1958   76427  1046374  13.52
  2013          73      0.02832  0.02793  0.50   75448    2107   74395   969947  12.86
  2013          74      0.03132  0.03084  0.50   73341    2262   72211   895553  12.21
  2013          75      0.03465  0.03406  0.50   71080    2421   69869   823343  11.58
  2013          76      0.03832  0.03760  0.50   68659    2582   67368   753474  10.97
  2013          77      0.04239  0.04151  0.50   66077    2743   64706   686106  10.38
  2013          78      0.04689  0.04582  0.50   63334    2902   61883   621401   9.81
  2013          79      0.05187  0.05056  0.50   60433    3056   58905   559518   9.26
  2013          80      0.05739  0.05579  0.50   57377    3201   55777   500614   8.73
  2013          81      0.06349  0.06153  0.50   54176    3334   52509   444838   8.21
  2013          82      0.07024  0.06785  0.50   50843    3450   49118   392329   7.72
  2013          83      0.07771  0.07480  0.50   47393    3546   45620   343211   7.24
  2013          84      0.08598  0.08243  0.50   43848    3615   42040   297592   6.79
  2013          85      0.09512  0.09080  0.50   40233    3654   38407   255552   6.35
  2013          86      0.10525  0.09999  0.50   36580    3658   34751   217146   5.94
  2013          87      0.11645  0.11004  0.50   32923    3623   31111   182395   5.54
  2013          88      0.12885  0.12105  0.50   29300    3547   27526   151284   5.16
  2013          89      0.14257  0.13308  0.50   25753    3428   24039   123758   4.81
  2013          90      0.15775  0.14622  0.50   22326    3265   20694    99719   4.47
  2013          91      0.17455  0.16054  0.50   19062    3061   17532    79026   4.15
  2013          92      0.19314  0.17613  0.50   16002    2819   14592    61495   3.84
  2013          93      0.21371  0.19308  0.50   13183    2546   11911    46903   3.56
  2013          94      0.23648  0.21147  0.50   10638    2250    9513    34993   3.29
  2013          95      0.26167  0.23140  0.50    8388    1941    7418    25480   3.04
  2013          96      0.28955  0.25293  0.50    6447    1631    5632    18063   2.80
  2013          97      0.32040  0.27616  0.50    4817    1331    4152    12431   2.58
  2013          98      0.35454  0.30116  0.50    3487    1050    2962     8280   2.37
  2013          99      0.39232  0.32798  0.50    2437     800    2037     5319   2.18
  2013         100      0.43413  0.35670  0.50    1638     585    1346     3282   2.00
  2013         101      0.48039  0.38735  0.50    1054     408     850     1937   1.84
  2013         102      0.53159  0.41997  0.50     646     271     510     1087   1.68
  2013         103      0.58825  0.45455  0.50     375     171     290      578   1.54
  2013         104      0.65094  0.49110  0.50     205     101     155      288   1.41
  2013         105      0.72032  0.52958  0.50     104      56      77      134   1.29
  2013         106      0.79709  0.56994  0.50      49      28      35       58   1.18
  2013         107      0.88205  0.61210  0.50      22      13      15       23   1.07
  2013         108      0.97607  0.65595  0.50       9       6       6        9   0.98
  2013         109      1.08011  0.70134  0.50       3       2       2        3   0.90
  2013         110+     1.19524  1.00000  0.84       1       1       1        1   0.84
  2014           0      0.00530  0.00528  0.14  100000     528   99547  8028084  80.28
  2014           1      0.00084  0.00084  0.50   99473      84   99431  7928538  79.71
  2014           2      0.00027  0.00027  0.50   99389      27   99376  7829107  78.77
  2014           3      0.00020  0.00020  0.50   99362      20   99353  7729732  77.79
  2014           4      0.00019  0.00019  0.50   99343      19   99334  7630380  76.81
  2014           5      0.00019  0.00019  0.50   99324      19   99315  7531047  75.82
  2014           6      0.00019  0.00019  0.50   99306      20   99296  7431732  74.84
  2014           7      0.00019  0.00019  0.50   99287      20   99277  7332437  73.85
  2014           8      0.00020  0.00020  0.50   99267      20   99257  7233160  72.87
  2014           9      0.00020  0.00020  0.50   99247      21   99237  7133903  71.88
  2014          10      0.00021  0.00021  0.50   99227      21   99217  7034666  70.89
  2014          11      0.00021  0.00021  0.50   99207      21   99196  6935450  69.91
  2014          12      0.00022  0.00022  0.50   99186      22   99175  6836254  68.92
  2014          13      0.00022  0.00022  0.50   99165      23   99154  6737079  67.94
  2014          14      0.00023  0.00023  0.50   99143      23   99131  6637926  66.95
  2014          15      0.00024  0.00024  0.50   99120      24   99108  6538795  65.97
  2014          16      0.00024  0.00024  0.50   99097      25   99085  6439688  64.98
  2014          17      0.00025  0.00025  0.50   99073      25   99060  6340603  64.00
  2014          18      0.00026  0.00026  0.50   99048      26   99035  6241544  63.02
  2014          19      0.00027  0.00027  0.50   99022      27   99008  6142510  62.03
  2014          20      0.00028  0.00028  0.50   98995      29   98981  6043502  61.05
  2014          21      0.00030  0.00030  0.50   98967      30   98952  5944522  60.07
  2014          22      0.00031  0.00031  0.50   98938      31   98922  5845570  59.08
  2014          23      0.00033  0.00033  0.50   98907      33   98891  5746648  58.10
  2014          24      0.00034  0.00034  0.50   98875      34   98858  5647758  57.12
  2014          25      0.00036  0.00036  0.50   98841      36   98823  5548901  56.14
  2014          26      0.00038  0.00038  0.50   98805      38   98786  5450078  55.16
  2014          27      0.00041  0.00041  0.50   98767      41   98747  5351293  54.18
  2014          28      0.00043  0.00043  0.50   98727      43   98705  5252547  53.20
  2014          29      0.00046  0.00046  0.50   98684      46   98661  5153842  52.23
  2014          30      0.00049  0.00049  0.50   98638      49   98614  5055181  51.25
  2014          31      0.00053  0.00053  0.50   98590      53   98564  4956567  50.27
  2014          32      0.00057  0.00057  0.50   98537      57   98509  4858004  49.30
  2014          33      0.00061  0.00061  0.50   98481      61   98451  4759496  48.33
  2014          34      0.00066  0.00066  0.50   98421      65   98389  4661045  47.36
  2014          35      0.00071  0.00071  0.50   98356      71   98321  4562657  46.39
  2014          36      0.00077  0.00077  0.50   98286      76   98248  4464336  45.42
  2014          37      0.00084  0.00084  0.50   98210      83   98169  4366088  44.46
  2014          38      0.00091  0.00091  0.50   98128      90   98084  4267919  43.49
  2014          39      0.00099  0.00099  0.50   98039      97   97991  4169836  42.53
  2014          40      0.00108  0.00108  0.50   97942     106   97890  4071846  41.57
  2014          41      0.00117  0.00117  0.50   97837     115   97780  3973957  40.62
  2014          42      0.00128  0.00128  0.50   97722     126   97660  3876178  39.67
  2014          43      0.00140  0.00140  0.50   97597     137   97529  3778519  38.72
  2014          44      0.00153  0.00153  0.50   97461     150   97386  3680990  37.77
  2014          45      0.00168  0.00168  0.50   97311     164   97230  3583605  36.83
  2014          46      0.00184  0.00184  0.50   97148     179   97059  3486375  35.89
  2014          47      0.00202  0.00202  0.50   96970     196   96872  3389317  34.95
  2014          48      0.00222  0.00221  0.50   96774     215   96667  3292445  34.02
  2014          49      0.00243  0.00243  0.50   96560     235   96443  3195778  33.10
  2014          50      0.00268  0.00267  0.50   96325     258   96196  3099336  32.18
  2014          51      0.00295  0.00294  0.50   96068     283   95926  3003140  31.26
  2014          52      0.00324  0.00324  0.50   95785     311   95630  2907214  30.35
  2014          53      0.00357  0.00356  0.50   95475     341   95305  2811585  29.45
  2014          54      0.00393  0.00393  0.50   95135     374   94948  2716280  28.55
  2014          55      0.00434  0.00433  0.50   94761     410   94556  2621333  27.66
  2014          56      0.00478  0.00477  0.50   94351     450   94126  2526777  26.78
  2014          57      0.00527  0.00526  0.50   93902     494   93655  2432651  25.91
  2014          58      0.00582  0.00580  0.50   93408     542   93137  2338997  25.04
  2014          59      0.00642  0.00640  0.50   92866     595   92569  2245860  24.18
  2014          60      0.00709  0.00706  0.50   92272     652   91946  2153292  23.34
  2014          61      0.00783  0.00779  0.50   91620     715   91263  2061347  22.50
  2014          62      0.00864  0.00861  0.50   90906     783   90515  1970084  21.67
  2014          63      0.00955  0.00950  0.50   90124     857   89695  1879570  20.86
  2014          64      0.01055  0.01049  0.50   89267     937   88799  1789875  20.05
  2014          65      0.01165  0.01159  0.50   88331    1024   87819  1701077  19.26
  2014          66      0.01288  0.01280  0.50   87307    1118   86749  1613258  18.48
  2014          67      0.01423  0.01413  0.50   86190    1219   85581  1526510  17.71
  2014          68      0.01573  0.01561  0.50   84972    1327   84309  1440929  16.96
  2014          69      0.01739  0.01724  0.50   83645    1443   82924  1356621  16.22
  2014          70      0.01923  0.01905  0.50   82203    1566   81420  1273698  15.49
  2014          71      0.02126  0.02104  0.50   80637    1697   79789  1192278  14.79
  2014          72      0.02351  0.02324  0.50   78940    1835   78023  1112490  14.09
  2014          73      0.02600  0.02567  0.50   77106    1980   76116  1034468  13.42
  2014          74      0.02876  0.02835  0.50   75126    2130   74061   958352  12.76
  2014          75      0.03181  0.03131  0.50   72996    2286   71854   884291  12.11
  2014          76      0.03518  0.03457  0.50   70711    2445   69489   812438  11.49
  2014          77      0.03891  0.03817  0.50   68266    2606   66963   742950  10.88
  2014          78      0.04305  0.04214  0.50   65661    2767   64277   675987  10.30
  2014          79      0.04762  0.04651  0.50   62894    2926   61431   611710   9.73
  2014          80      0.05268  0.05132  0.50   59969    3078   58430   550280   9.18
  2014          81      0.05827  0.05662  0.50   56891    3222   55280   491850   8.65
  2014          82      0.06447  0.06246  0.50   53669    3352   51993   436571   8.13
  2014          83      0.07133  0.06887  0.50   50317    3466   48585   384578   7.64
  2014          84      0.07891  0.07592  0.50   46852    3557   45074   335994   7.17
  2014          85      0.08731  0.08366  0.50   43295    3622   41484   290921   6.72
  2014          86      0.09660  0.09215  0.50   39673    3656   37845   249437   6.29
  2014          87      0.10688  0.10146  0.50   36018    3655   34190   211592   5.87
  2014          88      0.11826  0.11165  0.50   32363    3614   30557   177402   5.48
  2014          89      0.13085  0.12281  0.50   28750    3531   26985   146846   5.11
  2014          90      0.14478  0.13500  0.50   25219    3405   23517   119862   4.75
  2014          91      0.16019  0.14832  0.50   21815    3236   20197    96346   4.42
  2014          92      0.17726  0.16282  0.50   18579    3026   17067    76149   4.10
  2014          93      0.19614  0.17862  0.50   15554    2779   14165    59083   3.80
  2014          94      0.21703  0.19578  0.50   12776    2502   11525    44919   3.52
  2014          95      0.24015  0.21440  0.50   10275    2203    9173    33394   3.25
  2014          96      0.26573  0.23457  0.50    8072    1894    7125    24221   3.00
  2014          97      0.29404  0.25635  0.50    6179    1584    5387    17096   2.77
  2014          98      0.32537  0.27985  0.50    4595    1286    3952    11710   2.55
  2014          99      0.36004  0.30512  0.50    3309    1010    2804     7759   2.34
  2014         100      0.39841  0.33223  0.50    2300     764    1918     4955   2.15
  2014         101      0.44087  0.36124  0.50    1536     555    1258     3038   1.98
  2014         102      0.48785  0.39219  0.50     981     385     789     1780   1.81
  2014         103      0.53984  0.42510  0.50     597     254     470      991   1.66
  2014         104      0.59738  0.45998  0.50     343     158     264      522   1.52
  2014         105      0.66104  0.49683  0.50     186      92     140      258   1.39
  2014         106      0.73150  0.53560  0.50      94      50      69      119   1.27
  2014         107      0.80947  0.57624  0.50      44      25      31       51   1.16
  2014         108      0.89575  0.61866  0.50      19      12      13       20   1.06
  2014         109      0.99122  0.66275  0.50       7       5       5        7   0.98
  2014         110+     1.09688  1.00000  0.91       3       3       3        3   0.91
  2015           0      0.00530  0.00528  0.14  100000     528   99547  8111165  81.11
  2015           1      0.00084  0.00084  0.50   99473      84   99431  8011619  80.54
  2015           2      0.00027  0.00027  0.50   99389      27   99376  7912188  79.61
  2015           3      0.00019  0.00019  0.50   99363      20   99353  7812813  78.63
  2015           4      0.00019  0.00019  0.50   99344      19   99334  7713460  77.64
  2015           5      0.00019  0.00019  0.50   99325      19   99316  7614126  76.66
  2015           6      0.00019  0.00019  0.50   99307      19   99297  7514811  75.67
  2015           7      0.00019  0.00019  0.50   99288      20   99278  7415514  74.69
  2015           8      0.00020  0.00020  0.50   99269      20   99259  7316236  73.70
  2015           9      0.00020  0.00020  0.50   99249      20   99239  7216978  72.72
  2015          10      0.00020  0.00020  0.50   99230      21   99219  7117739  71.73
  2015          11      0.00021  0.00021  0.50   99209      21   99199  7018520  70.74
  2015          12      0.00021  0.00021  0.50   99189      22   99178  6919321  69.76
  2015          13      0.00022  0.00022  0.50   99168      22   99157  6820144  68.77
  2015          14      0.00022  0.00022  0.50   99146      23   99135  6720987  67.79
  2015          15      0.00023  0.00023  0.50   99124      23   99113  6621852  66.80
  2015          16      0.00024  0.00024  0.50   99102      24   99090  6522740  65.82
  2015          17      0.00024  0.00024  0.50   99078      25   99066  6423650  64.83
  2015          18      0.00025  0.00025  0.50   99054      26   99041  6324585  63.85
  2015          19      0.00026  0.00026  0.50   99029      26   99016  6225544  62.87
  2015          20      0.00027  0.00027  0.50   99003      28   98989  6126529  61.88
  2015          21      0.00028  0.00028  0.50   98976      29   98962  6027540  60.90
  2015          22      0.00030  0.00030  0.50   98948      30   98933  5928579  59.92
  2015          23      0.00031  0.00031  0.50   98918      31   98903  5829646  58.93
  2015          24      0.00033  0.00033  0.50   98887      33   98871  5730744  57.95
  2015          25      0.00035  0.00035  0.50   98855      35   98838  5631874  56.97
  2015          26      0.00037  0.00037  0.50   98821      37   98802  5533036  55.99
  2015          27      0.00039  0.00039  0.50   98784      39   98765  5434234  55.01
  2015          28      0.00041  0.00041  0.50   98746      41   98726  5335470  54.03
  2015          29      0.00044  0.00044  0.50   98706      44   98684  5236744  53.05
  2015          30      0.00047  0.00047  0.50   98662      47   98639  5138061  52.08
  2015          31      0.00050  0.00050  0.50   98616      50   98592  5039422  51.10
  2015          32      0.00054  0.00054  0.50   98567      53   98541  4940831  50.13
  2015          33      0.00058  0.00057  0.50   98514      57   98486  4842290  49.15
  2015          34      0.00062  0.00062  0.50   98458      61   98427  4743805  48.18
  2015          35      0.00067  0.00067  0.50   98397      66   98364  4645378  47.21
  2015          36      0.00072  0.00072  0.50   98331      71   98296  4547015  46.24
  2015          37      0.00078  0.00078  0.50   98260      77   98222  4448719  45.28
  2015          38      0.00085  0.00085  0.50   98183      84   98142  4350498  44.31
  2015          39      0.00092  0.00092  0.50   98100      91   98055  4252357  43.35
  2015          40      0.00100  0.00100  0.50   98010      99   97961  4154302  42.39
  2015          41      0.00109  0.00109  0.50   97912     107   97859  4056341  41.43
  2015          42      0.00119  0.00119  0.50   97805     117   97747  3958483  40.47
  2015          43      0.00130  0.00130  0.50   97689     127   97626  3860736  39.52
  2015          44      0.00142  0.00142  0.50   97563     139   97493  3763111  38.57
  2015          45      0.00155  0.00155  0.50   97424     152   97349  3665618  37.63
  2015          46      0.00170  0.00170  0.50   97273     166   97190  3568270  36.68
  2015          47      0.00187  0.00186  0.50   97108     181   97017  3471080  35.74
  2015          48      0.00205  0.00204  0.50   96927     199   96828  3374063  34.81
  2015          49      0.00225  0.00225  0.50   96728     218   96620  3277236  33.88
  2015          50      0.00247  0.00247  0.50   96511     239   96392  3180617  32.96
  2015          51      0.00272  0.00271  0.50   96273     262   96143  3084225  32.04
  2015          52      0.00299  0.00298  0.50   96012     287   95869  2988083  31.12
  2015          53      0.00329  0.00328  0.50   95725     315   95568  2892215  30.21
  2015          54      0.00362  0.00362  0.50   95411     346   95239  2796647  29.31
  2015          55      0.00399  0.00398  0.50   95066     379   94877  2701409  28.42
  2015          56      0.00440  0.00439  0.50   94687     416   94479  2606533  27.53
  2015          57      0.00485  0.00484  0.50   94272     457   94043  2512054  26.65
  2015          58      0.00535  0.00534  0.50   93815     501   93565  2418011  25.77
  2015          59      0.00591  0.00589  0.50   93314     550   93040  2324447  24.91
  2015          60      0.00652  0.00650  0.50   92765     603   92464  2231408  24.05
  2015          61      0.00719  0.00717  0.50   92162     661   91832  2138944  23.21
  2015          62      0.00794  0.00791  0.50   91502     725   91140  2047113  22.37
  2015          63      0.00877  0.00874  0.50   90778     794   90381  1955973  21.55
  2015          64      0.00969  0.00965  0.50   89985     868   89551  1865593  20.73
  2015          65      0.01071  0.01065  0.50   89117     950   88642  1776042  19.93
  2015          66      0.01183  0.01176  0.50   88168    1038   87649  1687401  19.14
  2015          67      0.01308  0.01299  0.50   87131    1132   86565  1599752  18.36
  2015          68      0.01445  0.01435  0.50   85999    1235   85382  1513188  17.60
  2015          69      0.01598  0.01585  0.50   84765    1344   84093  1427807  16.84
  2015          70      0.01766  0.01751  0.50   83421    1461   82691  1343715  16.11
  2015          71      0.01953  0.01934  0.50   81961    1586   81168  1261024  15.39
  2015          72      0.02159  0.02136  0.50   80376    1717   79517  1179857  14.68
  2015          73      0.02388  0.02360  0.50   78659    1856   77731  1100340  13.99
  2015          74      0.02641  0.02606  0.50   76803    2002   75802  1022610  13.31
  2015          75      0.02920  0.02878  0.50   74801    2153   73725   946809  12.66
  2015          76      0.03230  0.03179  0.50   72648    2310   71494   873085  12.02
  2015          77      0.03572  0.03510  0.50   70339    2469   69105   801592  11.40
  2015          78      0.03952  0.03875  0.50   67870    2630   66555   732488  10.79
  2015          79      0.04371  0.04278  0.50   65240    2791   63845   665933  10.21
  2015          80      0.04835  0.04721  0.50   62449    2949   60975   602089   9.64
  2015          81      0.05349  0.05210  0.50   59501    3100   57951   541114   9.09
  2015          82      0.05918  0.05748  0.50   56401    3242   54780   483163   8.57
  2015          83      0.06547  0.06339  0.50   53159    3370   51475   428384   8.06
  2015          84      0.07243  0.06990  0.50   49790    3481   48049   376910   7.57
  2015          85      0.08014  0.07705  0.50   46309    3569   44525   328861   7.10
  2015          86      0.08866  0.08490  0.50   42741    3629   40927   284336   6.65
  2015          87      0.09810  0.09351  0.50   39113    3658   37284   243409   6.22
  2015          88      0.10854  0.10295  0.50   35455    3651   33630   206126   5.81
  2015          89      0.12009  0.11329  0.50   31805    3604   30004   172496   5.42
  2015          90      0.13287  0.12460  0.50   28202    3514   26445   142492   5.05
  2015          91      0.14702  0.13696  0.50   24688    3382   22998   116048   4.70
  2015          92      0.16268  0.15044  0.50   21307    3206   19705    93050   4.37
  2015          93      0.18001  0.16514  0.50   18102    2990   16607    73346   4.05
  2015          94      0.19918  0.18114  0.50   15113    2738   13744    56740   3.75
  2015          95      0.22039  0.19852  0.50   12375    2457   11147    42996   3.47
  2015          96      0.24387  0.21737  0.50    9919    2156    8841    31850   3.21
  2015          97      0.26986  0.23777  0.50    7763    1846    6840    23010   2.96
  2015          98      0.29861  0.25982  0.50    5917    1538    5148    16170   2.73
  2015          99      0.33042  0.28357  0.50    4380    1242    3759    11023   2.52
  2015         100      0.36563  0.30912  0.50    3138     970    2653     7264   2.32
  2015         101      0.40459  0.33652  0.50    2168     730    1803     4612   2.13
  2015         102      0.44771  0.36582  0.50    1439     527    1176     2809   1.95
  2015         103      0.49542  0.39707  0.50     913     363     731     1634   1.79
  2015         104      0.54822  0.43028  0.50     550     237     432      903   1.64
  2015         105      0.60665  0.46546  0.50     314     146     241      471   1.50
  2015         106      0.67131  0.50261  0.50     168      85     126      231   1.37
  2015         107      0.74286  0.54167  0.50      84      46      61      105   1.26
  2015         108      0.82203  0.58258  0.50      39      23      28       44   1.15
  2015         109      0.90965  0.62526  0.50      16      10      11       17   1.06
  2015         110+     1.00661  1.00000  0.99       6       6       6        6   0.99
  2016           0      0.00530  0.00528  0.14  100000     528   99547  8194243  81.94
  2016           1      0.00084  0.00084  0.50   99473      84   99431  8094697  81.38
  2016           2      0.00026  0.00026  0.50   99390      27   99376  7995266  80.44
  2016           3      0.00019  0.00019  0.50   99363      20   99354  7895890  79.47
  2016           4      0.00018  0.00018  0.50   99344      19   99335  7796537  78.48
  2016           5      0.00019  0.00019  0.50   99326      19   99317  7697202  77.49
  2016           6      0.00019  0.00019  0.50   99308      19   99298  7597886  76.51
  2016           7      0.00019  0.00019  0.50   99289      19   99280  7498588  75.52
  2016           8      0.00019  0.00019  0.50   99270      20   99261  7399309  74.54
  2016           9      0.00020  0.00020  0.50   99251      20   99241  7300049  73.55
  2016          10      0.00020  0.00020  0.50   99231      20   99222  7200808  72.57
  2016          11      0.00020  0.00020  0.50   99212      21   99202  7101587  71.58
  2016          12      0.00021  0.00021  0.50   99192      21   99181  7002386  70.59
  2016          13      0.00021  0.00021  0.50   99171      22   99160  6903206  69.61
  2016          14      0.00022  0.00022  0.50   99150      22   99139  6804046  68.62
  2016          15      0.00022  0.00022  0.50   99128      23   99117  6704907  67.64
  2016          16      0.00023  0.00023  0.50   99106      23   99095  6605790  66.65
  2016          17      0.00024  0.00024  0.50   99083      24   99071  6506696  65.67
  2016          18      0.00025  0.00025  0.50   99060      25   99048  6407625  64.68
  2016          19      0.00025  0.00025  0.50   99035      26   99023  6308578  63.70
  2016          20      0.00026  0.00026  0.50   99010      27   98997  6209556  62.72
  2016          21      0.00027  0.00027  0.50   98984      28   98970  6110559  61.73
  2016          22      0.00029  0.00029  0.50   98957      29   98943  6011590  60.75
  2016          23      0.00030  0.00030  0.50   98928      30   98914  5912647  59.77
  2016          24      0.00031  0.00031  0.50   98899      32   98883  5813734  58.78
  2016          25      0.00033  0.00033  0.50   98868      33   98851  5714852  57.80
  2016          26      0.00035  0.00035  0.50   98835      35   98818  5616001  56.82
  2016          27      0.00037  0.00037  0.50   98800      37   98782  5517184  55.84
  2016          28      0.00039  0.00039  0.50   98764      39   98745  5418402  54.86
  2016          29      0.00042  0.00041  0.50   98725      41   98705  5319658  53.88
  2016          30      0.00044  0.00044  0.50   98684      44   98663  5220953  52.91
  2016          31      0.00047  0.00047  0.50   98641      47   98618  5122291  51.93
  2016          32      0.00050  0.00050  0.50   98594      50   98569  5023674  50.95
  2016          33      0.00054  0.00054  0.50   98545      54   98518  4925105  49.98
  2016          34      0.00058  0.00058  0.50   98491      58   98463  4826587  49.01
  2016          35      0.00063  0.00063  0.50   98434      62   98403  4728125  48.03
  2016          36      0.00068  0.00068  0.50   98372      67   98339  4629722  47.06
  2016          37      0.00073  0.00073  0.50   98306      72   98270  4531384  46.09
  2016          38      0.00079  0.00079  0.50   98234      78   98195  4433114  45.13
  2016          39      0.00086  0.00086  0.50   98157      85   98115  4334919  44.16
  2016          40      0.00093  0.00093  0.50   98072      92   98027  4236805  43.20
  2016          41      0.00101  0.00101  0.50   97981     100   97932  4138779  42.24
  2016          42      0.00110  0.00110  0.50   97882     109   97828  4040848  41.28
  2016          43      0.00120  0.00120  0.50   97774     118   97715  3943020  40.33
  2016          44      0.00132  0.00131  0.50   97656     129   97592  3845306  39.38
  2016          45      0.00144  0.00144  0.50   97528     141   97458  3747714  38.43
  2016          46      0.00157  0.00157  0.50   97388     154   97311  3650257  37.48
  2016          47      0.00173  0.00172  0.50   97234     168   97150  3552947  36.54
  2016          48      0.00189  0.00189  0.50   97067     184   96975  3455797  35.60
  2016          49      0.00208  0.00207  0.50   96883     201   96783  3358822  34.67
  2016          50      0.00228  0.00228  0.50   96682     221   96572  3262040  33.74
  2016          51      0.00251  0.00250  0.50   96462     242   96341  3165469  32.82
  2016          52      0.00276  0.00275  0.50   96221     265   96088  3069128  31.90
  2016          53      0.00303  0.00303  0.50   95956     291   95811  2973040  30.98
  2016          54      0.00334  0.00333  0.50   95665     319   95506  2877230  30.08
  2016          55      0.00368  0.00367  0.50   95346     350   95171  2781725  29.18
  2016          56      0.00405  0.00404  0.50   94996     385   94804  2686554  28.28
  2016          57      0.00447  0.00446  0.50   94612     422   94402  2591750  27.39
  2016          58      0.00492  0.00491  0.50   94191     463   93959  2497349  26.51
  2016          59      0.00543  0.00542  0.50   93728     508   93474  2403390  25.64
  2016          60      0.00599  0.00598  0.50   93220     558   92942  2309916  24.78
  2016          61      0.00662  0.00659  0.50   92663     612   92358  2216975  23.93
  2016          62      0.00730  0.00728  0.50   92052     670   91717  2124618  23.08
  2016          63      0.00807  0.00803  0.50   91382     735   91015  2032901  22.25
  2016          64      0.00891  0.00887  0.50   90648     804   90246  1941887  21.42
  2016          65      0.00984  0.00979  0.50   89844     880   89404  1851641  20.61
  2016          66      0.01087  0.01081  0.50   88965     962   88484  1762237  19.81
  2016          67      0.01201  0.01194  0.50   88003    1051   87477  1673754  19.02
  2016          68      0.01328  0.01319  0.50   86952    1147   86378  1586277  18.24
  2016          69      0.01467  0.01457  0.50   85805    1250   85180  1499900  17.48
  2016          70      0.01622  0.01609  0.50   84555    1361   83875  1414720  16.73
  2016          71      0.01793  0.01777  0.50   83194    1479   82455  1330846  16.00
  2016          72      0.01983  0.01963  0.50   81715    1605   80913  1248392  15.28
  2016          73      0.02193  0.02169  0.50   80111    1738   79242  1167479  14.57
  2016          74      0.02425  0.02395  0.50   78374    1878   77435  1088237  13.89
  2016          75      0.02681  0.02646  0.50   76496    2024   75484  1010803  13.21
  2016          76      0.02965  0.02922  0.50   74472    2177   73384   935319  12.56
  2016          77      0.03280  0.03227  0.50   72296    2333   71130   861935  11.92
  2016          78      0.03628  0.03563  0.50   69963    2493   68717   790806  11.30
  2016          79      0.04013  0.03934  0.50   67471    2655   66143   722089  10.70
  2016          80      0.04439  0.04342  0.50   64816    2815   63409   655946  10.12
  2016          81      0.04910  0.04793  0.50   62002    2972   60516   592538   9.56
  2016          82      0.05432  0.05288  0.50   59030    3122   57470   532022   9.01
  2016          83      0.06009  0.05834  0.50   55909    3262   54278   474553   8.49
  2016          84      0.06648  0.06434  0.50   52647    3388   50953   420276   7.98
  2016          85      0.07355  0.07094  0.50   49259    3495   47512   369323   7.50
  2016          86      0.08138  0.07820  0.50   45765    3579   43976   321811   7.03
  2016          87      0.09004  0.08616  0.50   42186    3635   40369   277836   6.59
  2016          88      0.09962  0.09489  0.50   38552    3659   36723   237468   6.16
  2016          89      0.11022  0.10446  0.50   34894    3646   33071   200746   5.75
  2016          90      0.12195  0.11494  0.50   31249    3592   29453   167675   5.37
  2016          91      0.13494  0.12641  0.50   27657    3496   25909   138223   5.00
  2016          92      0.14930  0.13893  0.50   24161    3357   22483   112314   4.65
  2016          93      0.16520  0.15260  0.50   20804    3175   19217    89832   4.32
  2016          94      0.18280  0.16749  0.50   17630    2953   16153    70616   4.01
  2016          95      0.20227  0.18369  0.50   14677    2696   13329    54463   3.71
  2016          96      0.22381  0.20129  0.50   11981    2412   10775    41135   3.43
  2016          97      0.24766  0.22037  0.50    9569    2109    8515    30360   3.17
  2016          98      0.27404  0.24102  0.50    7461    1799    6562    21845   2.93
  2016          99      0.30324  0.26332  0.50    5663    1491    4917    15284   2.70
  2016         100      0.33555  0.28734  0.50    4172    1199    3572    10367   2.49
  2016         101      0.37131  0.31317  0.50    2973     931    2508     6796   2.29
  2016         102      0.41087  0.34085  0.50    2042     696    1694     4288   2.10
  2016         103      0.45466  0.37045  0.50    1346     499    1097     2595   1.93
  2016         104      0.50311  0.40199  0.50     848     341     677     1498   1.77
  2016         105      0.55673  0.43550  0.50     507     221     397      821   1.62
  2016         106      0.61607  0.47099  0.50     287     135     219      425   1.48
  2016         107      0.68173  0.50842  0.50     152      77     113      206   1.36
  2016         108      0.75439  0.54777  0.50      75      41      55       93   1.25
  2016         109      0.83479  0.58896  0.50      34      20      24       39   1.15
  2016         110+     0.92377  1.00000  1.08      14      14      15       15   1.08
  2017           0      0.00530  0.00527  0.14  100000     528   99547  8277316  82.77
  2017           1      0.00084  0.00084  0.50   99473      84   99431  8177770  82.21
  2017           2      0.00026  0.00026  0.50   99390      27   99377  8078339  81.28
  2017           3      0.00019  0.00019  0.50   99364      19   99354  7978963  80.30
  2017           4      0.00018  0.00018  0.50   99345      19   99336  7879609  79.32
  2017           5      0.00018  0.00018  0.50   99327      19   99317  7780274  78.33
  2017           6      0.00019  0.00019  0.50   99308      19   99299  7680957  77.34
  2017           7      0.00019  0.00019  0.50   99290      19   99281  7581658  76.36
  2017           8      0.00019  0.00019  0.50   99271      19   99262  7482378  75.37
  2017           9      0.00019  0.00019  0.50   99252      20   99243  7383117  74.39
  2017          10      0.00020  0.00020  0.50   99233      20   99224  7283875  73.40
  2017          11      0.00020  0.00020  0.50   99214      20   99204  7184651  72.42
  2017          12      0.00020  0.00020  0.50   99194      21   99184  7085448  71.43
  2017          13      0.00021  0.00021  0.50   99174      21   99163  6986265  70.45
  2017          14      0.00021  0.00021  0.50   99153      22   99142  6887102  69.46
  2017          15      0.00022  0.00022  0.50   99132      22   99121  6787960  68.47
  2017          16      0.00022  0.00022  0.50   99110      23   99099  6688839  67.49
  2017          17      0.00023  0.00023  0.50   99088      23   99076  6589741  66.50
  2017          18      0.00024  0.00024  0.50   99065      24   99053  6490665  65.52
  2017          19      0.00025  0.00025  0.50   99041      25   99029  6391612  64.54
  2017          20      0.00026  0.00026  0.50   99017      26   99004  6292584  63.55
  2017          21      0.00027  0.00027  0.50   98992      27   98978  6193580  62.57
  2017          22      0.00028  0.00028  0.50   98965      28   98952  6094602  61.58
  2017          23      0.00029  0.00029  0.50   98938      29   98924  5995651  60.60
  2017          24      0.00030  0.00030  0.50   98909      30   98894  5896728  59.62
  2017          25      0.00032  0.00032  0.50   98879      32   98864  5797834  58.64
  2017          26      0.00033  0.00033  0.50   98848      33   98832  5698970  57.65
  2017          27      0.00035  0.00035  0.50   98815      35   98798  5600139  56.67
  2017          28      0.00037  0.00037  0.50   98780      37   98762  5501342  55.69
  2017          29      0.00039  0.00039  0.50   98744      39   98724  5402580  54.71
  2017          30      0.00042  0.00042  0.50   98705      42   98684  5303857  53.73
  2017          31      0.00045  0.00045  0.50   98663      45   98641  5205173  52.76
  2017          32      0.00048  0.00048  0.50   98619      47   98596  5106532  51.78
  2017          33      0.00051  0.00051  0.50   98572      51   98547  5007937  50.80
  2017          34      0.00055  0.00055  0.50   98522      54   98495  4909390  49.83
  2017          35      0.00059  0.00059  0.50   98468      58   98439  4810895  48.86
  2017          36      0.00063  0.00063  0.50   98410      63   98379  4712457  47.89
  2017          37      0.00068  0.00068  0.50   98348      68   98314  4614078  46.92
  2017          38      0.00074  0.00074  0.50   98281      73   98245  4515764  45.95
  2017          39      0.00080  0.00080  0.50   98208      79   98169  4417520  44.98
  2017          40      0.00087  0.00087  0.50   98130      86   98087  4319351  44.02
  2017          41      0.00094  0.00094  0.50   98045      93   97998  4221265  43.05
  2017          42      0.00103  0.00103  0.50   97952     101   97902  4123267  42.09
  2017          43      0.00112  0.00112  0.50   97852     110   97797  4025366  41.14
  2017          44      0.00122  0.00122  0.50   97742     120   97682  3927569  40.18
  2017          45      0.00133  0.00133  0.50   97623     131   97558  3829887  39.23
  2017          46      0.00146  0.00146  0.50   97493     143   97422  3732330  38.28
  2017          47      0.00160  0.00160  0.50   97351     156   97273  3634909  37.34
  2017          48      0.00175  0.00175  0.50   97195     170   97110  3537636  36.40
  2017          49      0.00192  0.00192  0.50   97025     186   96932  3440526  35.46
  2017          50      0.00211  0.00210  0.50   96839     204   96738  3343595  34.53
  2017          51      0.00231  0.00231  0.50   96636     224   96524  3246857  33.60
  2017          52      0.00254  0.00254  0.50   96412     245   96290  3150334  32.68
  2017          53      0.00280  0.00279  0.50   96168     269   96033  3054044  31.76
  2017          54      0.00308  0.00307  0.50   95899     295   95752  2958012  30.85
  2017          55      0.00339  0.00338  0.50   95604     324   95443  2862260  29.94
  2017          56      0.00373  0.00372  0.50   95281     355   95104  2766818  29.04
  2017          57      0.00411  0.00410  0.50   94926     390   94732  2671715  28.15
  2017          58      0.00453  0.00452  0.50   94537     428   94323  2576984  27.26
  2017          59      0.00500  0.00499  0.50   94109     470   93875  2482661  26.38
  2017          60      0.00551  0.00550  0.50   93640     515   93382  2388787  25.51
  2017          61      0.00608  0.00607  0.50   93125     565   92843  2295405  24.65
  2017          62      0.00672  0.00669  0.50   92560     620   92250  2202563  23.80
  2017          63      0.00741  0.00739  0.50   91941     680   91601  2110313  22.95
  2017          64      0.00819  0.00815  0.50   91261     745   90889  2018713  22.12
  2017          65      0.00904  0.00900  0.50   90517     815   90110  1927824  21.30
  2017          66      0.00999  0.00994  0.50   89702     892   89256  1837715  20.49
  2017          67      0.01104  0.01098  0.50   88811     975   88323  1748459  19.69
  2017          68      0.01220  0.01212  0.50   87836    1065   87303  1660137  18.90
  2017          69      0.01348  0.01339  0.50   86771    1162   86190  1572834  18.13
  2017          70      0.01490  0.01479  0.50   85609    1267   84976  1486645  17.37
  2017          71      0.01647  0.01634  0.50   84343    1378   83654  1401669  16.62
  2017          72      0.01821  0.01805  0.50   82965    1498   82216  1318016  15.89
  2017          73      0.02013  0.01993  0.50   81468    1624   80656  1235800  15.17
  2017          74      0.02226  0.02202  0.50   79844    1758   78965  1155145  14.47
  2017          75      0.02462  0.02432  0.50   78086    1900   77136  1076181  13.78
  2017          76      0.02723  0.02686  0.50   76187    2047   75164   999045  13.11
  2017          77      0.03011  0.02967  0.50   74140    2200   73041   923882  12.46
  2017          78      0.03330  0.03276  0.50   71941    2357   70763   850842  11.83
  2017          79      0.03684  0.03617  0.50   69584    2517   68326   780080  11.21
  2017          80      0.04075  0.03993  0.50   67067    2679   65728   711755  10.61
  2017          81      0.04507  0.04408  0.50   64389    2839   62970   646027  10.03
  2017          82      0.04986  0.04865  0.50   61551    2995   60054   583058   9.47
  2017          83      0.05516  0.05368  0.50   58556    3144   56985   523005   8.93
  2017          84      0.06102  0.05922  0.50   55413    3282   53772   466020   8.41
  2017          85      0.06751  0.06531  0.50   52132    3405   50429   412249   7.91
  2017          86      0.07469  0.07200  0.50   48727    3509   46973   361820   7.43
  2017          87      0.08264  0.07936  0.50   45219    3589   43424   314847   6.96
  2017          88      0.09143  0.08743  0.50   41630    3640   39810   271423   6.52
  2017          89      0.10116  0.09629  0.50   37990    3659   36161   231614   6.10
  2017          90      0.11193  0.10600  0.50   34332    3640   32513   195453   5.69
  2017          91      0.12384  0.11662  0.50   30693    3580   28904   162941   5.31
  2017          92      0.13703  0.12824  0.50   27114    3478   25375   134037   4.94
  2017          93      0.15162  0.14093  0.50   23637    3332   21971   108663   4.60
  2017          94      0.16777  0.15478  0.50   20306    3143   18734    86692   4.27
  2017          95      0.18563  0.16987  0.50   17163    2916   15705    67958   3.96
  2017          96      0.20541  0.18628  0.50   14247    2654   12921    52254   3.67
  2017          97      0.22729  0.20409  0.50   11594    2367   10411    39334   3.39
  2017          98      0.25150  0.22341  0.50    9228    2062    8197    28924   3.13
  2017          99      0.27830  0.24430  0.50    7166    1751    6291    20727   2.89
  2017         100      0.30795  0.26686  0.50    5416    1446    4693    14437   2.67
  2017         101      0.34076  0.29115  0.50    3971    1156    3393     9744   2.45
  2017         102      0.37707  0.31726  0.50    2815     893    2368     6352   2.26
  2017         103      0.41725  0.34523  0.50    1922     664    1590     3985   2.07
  2017         104      0.46172  0.37512  0.50    1259     472    1023     2395   1.90
  2017         105      0.51092  0.40696  0.50     787     320     627     1373   1.75
  2017         106      0.56537  0.44077  0.50     467     206     364      747   1.60
  2017         107      0.62563  0.47656  0.50     261     125     199      383   1.47
  2017         108      0.69231  0.51429  0.50     137      71     102      185   1.35
  2017         109      0.76610  0.55392  0.50      67      37      48       83   1.25
  2017         110+     0.84775  1.00000  1.18      30      30      35       35   1.18
